[Header]
CSDver=cell_check v.1.0
CSD_db_size=877779
GUIver=CheckCSD (1.1.3)
NumOfSearches=1
LastSearch=1
[Search_No_01]
dldir0=6.99701
dldir1=14.07820
dldir2=18.00583
dadir0=90.09063
dadir1=97.71806
dadir2=90.04732
dlentolerance=1.50
dangtolerance=2.00
imaxnumofhits=200
lresultslistsize=5
clatticetype=mP
